[1, 3, 3, 2, 2, 'unsafe']
[3, 3, 1, 'unsafe']
[1, 'unsafe', 3, 1, 2, 2, 1]
[3, 1, 'unsafe', 3, 2, 'unsafe']
[3, 3, 'unsafe', 'unsafe']
[3, 2, 1, 2, 2, 'unsafe', 1]
[1, 1, 3, 'unsafe', 'unsafe']
[1, 'unsafe', 1, 3, 'unsafe']
['unsafe', 1, 1, 1, 3]
['unsafe', 2, 3, 'unsafe']
['unsafe', 3, 2, 'unsafe']
['unsafe', 3, 3, 'unsafe', 1, 3, 3]
['unsafe', 1, 1, 'unsafe', 'unsafe']
['unsafe', 'unsafe', 3, 'unsafe']
['unsafe', 'unsafe', 1, 1, 2, 2]
['unsafe', 'unsafe', 3, 3, 'unsafe']
['unsafe', 2, 'unsafe', 'unsafe']
['unsafe', 1, 2, 3, 1, 1]
['unsafe', 1, 1, 2, 2, 'unsafe']
['unsafe', 2, 3, 2, 1, 2, 'unsafe']
['unsafe', 3, 1, 'unsafe', 1, 2, 2]
['unsafe', 3, 1, 'unsafe', 'unsafe']
['unsafe', 1, 3, 'unsafe', 3, 'unsafe']
['unsafe', 'unsafe', 1, 1]
['unsafe', 1, 1, 3, 'unsafe', 'unsafe']
['unsafe', 1, 1, 'unsafe', 'unsafe']
[2, 1, 3, 2, 3, 2, 'unsafe']
[2, 2, 2, 2, 'unsafe']
[1, 'unsafe', 1, 3]
[3, 'unsafe', 1, 3, 'unsafe']
[2, 2, 3, 'unsafe', 'unsafe']
[3, 1, 3, 1, 'unsafe', 2, 2]
[1, 1, 2, 'unsafe', 3, 1, 'unsafe']
[2, 1, 'unsafe', 'unsafe']
['unsafe', 3, 1, 3, 2]
['unsafe', 2, 1, 3, 'unsafe']
['unsafe', 2, 2, 'unsafe']
['unsafe', 3, 'unsafe', 2]
['unsafe', 1, 'unsafe', 1, 3, 1, 'unsafe']
['unsafe', 1, 3, 'unsafe', 2, 'unsafe']
['unsafe', 'unsafe', 2, 2, 3, 3, 1]
['unsafe', 'unsafe', 3, 2, 1, 2, 'unsafe']
['unsafe', 2, 1, 1, 'unsafe', 1, 'unsafe']
['unsafe', 1, 3, 3, 2, 1, 1]
['unsafe', 2, 3, 1, 3, 'unsafe']
['unsafe', 1, 3, 1, 'unsafe']
['unsafe', 'unsafe', 1, 3]
['unsafe', 3, 1, 'unsafe', 'unsafe']
['unsafe', 'unsafe', 3, 2, 'unsafe']
['unsafe', 2, 1, 'unsafe', 2, 3]
['unsafe', 'unsafe', 1, 3, 3, 1, 'unsafe']
['unsafe', 'unsafe', 1, 1, 1, 2, 'unsafe']
['unsafe', 2, 3, 1, 3, 2, 'unsafe']
[2, 3, 1, 'unsafe', 3, 'unsafe']
['unsafe', 2, 2, 'unsafe']
[3, 2, 'unsafe', 3, 'unsafe']
['unsafe', 3, 2, 1, 'unsafe']
['unsafe', 3, 1, 1, 'unsafe', 1, 2]
['unsafe', 2, 2, 2, 3, 'unsafe']
['unsafe', 2, 'unsafe', 1]
[2, 'unsafe', 2, 'unsafe']
['unsafe', 'unsafe', 1, 1, 3]
['unsafe', 'unsafe', 3, 1, 1, 1]
['unsafe', 1, 'unsafe', 2, 2, 1, 'unsafe']
[3, 3, 'unsafe', 2]
[1, 3, 3, 'unsafe', 3, 2]
[2, 1, 'unsafe', 'unsafe']
['unsafe', 1, 'unsafe', 3, 'unsafe']
['unsafe', 3, 3, 1]
['unsafe', 3, 1, 1]
[3, 1, 3, 2, 1, 2]
[2, 3, 2, 2, 3, 3]
[2, 2, 1, 1, 1, 2]
[1, 2, 2, 2, 2, 1, 2]
[1, 3, 3, 3, 1, 2]
[3, 1, 1, 1]
[2, 1, 3, 2]
[1, 1, 1, 2, 1]
[2, 3, 3, 3, 1, 1]
[3, 2, 1, 3, 3, 2, 2]
[2, 1, 2, 2, 2]
[1, 3, 3, 1, 3]
[2, 3, 2, 3, 3]
[2, 1, 2, 2]
[2, 1, 3, 2, 1, 1, 3]
[1, 3, 1, 2, 2]
[3, 3, 2, 1, 3, 1, 3]
[1, 1, 2, 1, 3, 1]
[2, 1, 2, 2, 1, 3, 3]
[1, 3, 1, 3]
[3, 1, 2, 1, 1, 2]
[2, 3, 1, 2, 2]
[1, 1, 1, 1]
[3, 2, 3, 3, 3]
[3, 2, 2, 1]
[2, 2, 3, 3, 2]
[3, 2, 1, 3]
[3, 3, 2, 3, 1]
[1, 3, 1, 3, 1, 1]
[3, 3, 2, 2]
[3, 3, 1, 3, 3]
[1, 3, 3, 2, 3]
[1, 2, 1, 3, 3, 3, 1]
[3, 3, 3, 1, 1, 1, 2]
[1, 2, 2, 3]
[2, 2, 1, 2, 1, 3, 1]
[2, 1, 3, 2, 2, 2, 3]
[2, 1, 1, 2, 3, 1]
[3, 2, 3, 3, 1, 3, 3]
[2, 2, 1, 3]
[3, 1, 1, 3, 2, 1]
[1, 3, 1, 2]
[1, 3, 3, 1, 2]
[1, 1, 3, 3]
[1, 1, 2, 3, 2]
[2, 3, 3, 2, 1, 1]
[2, 3, 1, 3, 2, 3]
[2, 1, 3, 2, 3, 3]
[2, 2, 1, 3]
[1, 3, 1, 2]
[2, 1, 3, 1, 2]
[1, 3, 1, 2]
[2, 1, 1, 2]
[3, 1, 2, 3, 3, 3]
[2, 3, 3, 3]
[3, 3, 1, 1, 1, 3]
[2, 2, 1, 1, 3]
[1, 3, 1, 3, 2]
[2, 1, 2, 1]
[3, 2, 1, 2, 3]
[1, 1, 1, 3, 2]
[3, 1, 3, 3]
[3, 1, 2, 1, 3, 3]
[1, 3, 2, 2]
[1, 3, 2, 2, 3, 2]
[2, 2, 3, 3, 3, 1, 3]
[2, 2, 1, 1, 3, 3, 1]
[2, 3, 3, 2, 2, 1]
[3, 1, 2, 3, 2, 1]
[3, 1, 3, 1, 3]
[1, 3, 2, 3, 2]
[1, 2, 3, 2, 1]
[2, 1, 3, 3, 2, 3]
[2, 3, 1, 2]
[1, 2, 3, 3]
[1, 3, 2, 3]
[2, 3, 1, 2]
[2, 2, 2, 3, 3, 2]
[1, 2, 1, 2, 1]
[1, 1, 2, 1, 3]
[3, 1, 1, 1, 1]
[2, 3, 3, 1, 2]
[1, 3, 3, 3, 3, 2]
[2, 2, 2, 2, 2, 1]
[1, 1, 2, 3, 3, 3, 1]
[3, 1, 1, 1, 2, 3]
[3, 2, 1, 3]
[1, 2, 1, 1]
[2, 3, 3, 1]
[2, 1, 2, 3]
[3, 2, 3, 2, 1]
[3, 2, 3, 3, 2]
[1, 2, 2, 3]
[2, 3, 1, 2, 1]
[3, 3, 3, 2, 3, 3, 2]
[3, 2, 1, 2, 1, 3]
[2, 2, 1, 2, 1, 2, 3]
[3, 3, 1, 1, 1]
[1, 1, 2, 2]
[1, 2, 3, 2, 2, 1]
[1, 2, 2, 2, 3, 1, 1]
[2, 3, 1, 1, 2, 1]
[3, 1, 2, 3]
[3, 1, 1, 1, 3, 2, 2]
[2, 1, 2, 1, 1, 1, 3]
[2, 3, 3, 1, 1, 1]
[2, 3, 3, 2, 3, 2]
[2, 2, 1, 2, 2, 2]
[3, 3, 2, 3]
[1, 2, 1, 2, 1]
[3, 3, 3, 2, 1]
[1, 2, 1, 1]
[1, 1, 2, 1, 2]
[3, 1, 1, 3, 2]
[2, 2, 3, 2, 1, 3]
[1, 2, 1, 2, 2, 3]
[3, 2, 1, 2, 3]
[1, 2, 1, 1, 1, 1]
[1, 2, 2, 1]
[3, 1, 2, 1, 3, 2, 1]
[1, 3, 1, 1]
[1, 1, 1, 3, 1, 3]
[2, 2, 1, 2, 2]
[2, 2, 2, 1, 3]
[1, 2, 1, 3]
[2, 2, 1, 3, 3, 3, 1]
[1, 3, 3, 2, 3, 2, 2]
[1, 3, 3, 2, 2]
[3, 1, 3, 3, 1]
[3, 2, 3, 2, 3, 2]
[1, 3, 1, 1]
[2, 1, 1, 1]
[1, 2, 1, 1, 2, 2]
[1, 2, 2, 2, 1, 2]
[1, 1, 1, 2]
[3, 3, 3, 3, 3, 3]
[1, 3, 2, 2, 3]
[1, 3, 3, 2, 2, 2]
[3, 3, 2, 2]
[2, 1, 2, 2, 3, 1]
[2, 3, 3, 1, 1]
[1, 3, 3, 3, 1]
[2, 2, 1, 2, 1, 1]
[2, 3, 3, 2, 1, 3, 1]
[1, 1, 1, 2, 2, 2, 1]
[2, 2, 1, 1, 2, 2, 1]
[3, 2, 2, 2, 3]
[2, 2, 2, 3]
[2, 3, 1, 2, 3, 2]
[2, 1, 3, 3, 1, 3, 3]
[3, 1, 2, 2, 2]
[2, 1, 3, 2, 1]
[1, 1, 1, 2, 1, 2, 1]
[2, 3, 3, 2, 3]
[1, 2, 1, 1, 2, 1]
[3, 2, 2, 3, 2, 2, 2]
[1, 2, 2, 3]
[3, 1, 3, 1, 2, 2, 2]
[1, 3, 2, 2]
[1, 2, 1, 1, 3, 3]
[1, 1, 1, 2, 3]
[2, 2, 2, 1]
[3, 3, 1, 1]
[1, 1, 2, 3, 3, 3, 1]
[1, 1, 3, 2, 2, 2]
[1, 2, 2, 3]
[3, 1, 2, 2, 2, 2]
[3, 2, 3, 1]
[1, 1, 1, 3, 1, 3, 2]
[1, 2, 1, 2, 3, 3]
[1, 2, 1, 2, 1, 1, 2]
[1, 2, 1, 3, 2, 2, 3]
[2, 3, 3, 2, 3]
[1, 3, 3, 1, 1, 2, 1]
[1, 3, 1, 3, 1, 3]
[2, 3, 1, 2]
[3, 2, 3, 2, 1, 1, 3]
[3, 1, 3, 2, 3]
[3, 3, 1, 1, 1, 3]
[1, 2, 3, 2, 3, 1]
[1, 1, 2, 3, 1, 1, 1]
[1, 3, 3, 2, 2, 2]
[1, 2, 1, 3, 3, 3]
[2, 3, 3, 3, 2, 2, 3]
[3, 1, 2, 1, 2]
[1, 3, 2, 3, 3, 3]
[1, 3, 1, 3, 1, 1, 3]
[2, 2, 3, 1, 1, 3, 2]
[1, 2, 3, 1, 1, 2, 3]
[3, 3, 3, 1, 3]
[1, 1, 3, 2]
[1, 1, 3, 2, 1, 2]
[2, 3, 1, 1]
[1, 2, 1, 2, 3, 3, 3]
[2, 3, 1, 2, 3, 3, 2]
[2, 3, 1, 2, 2]
[3, 2, 1, 1]
[2, 3, 2, 1, 1, 2, 1]
[2, 2, 1, 1, 3, 3, 1]
[3, 2, 2, 1, 3, 1]
[2, 1, 2, 2, 2]
[3, 1, 2, 2]
[3, 3, 1, 3]
[2, 2, 1, 2, 3, 3]
[1, 2, 1, 1, 1, 1, 1]
[1, 2, 3, 2, 3]
[3, 2, 1, 3, 3, 2, 2]
[2, 3, 1, 1]
[2, 1, 3, 3]
[3, 1, 1, 2]
[3, 3, 1, 2]
[2, 2, 1, 1, 1]
[1, 3, 3, 3, 3, 3, 2]
[2, 1, 1, 3, 3, 2]
[3, 2, 2, 1, 3]
[2, 3, 2, 2, 2]
[1, 2, 3, 1, 2, 2]
[2, 1, 2, 3, 3, 2]
[1, 1, 1, 2]
[2, 1, 2, 2]
[3, 3, 1, 1, 1, 2]
[2, 3, 1, 2, 3, 2, 1]
[1, 1, 2, 2, 3, 3, 3]
[1, 1, 1, 2, 3, 2]
[3, 2, 1, 1, 3, 3, 3]
[3, 1, 2, 3]
[2, 2, 1, 1, 1, 3]
[2, 2, 2, 1, 1, 3, 3]
[2, 1, 3, 1, 2, 3, 3]
[3, 1, 2, 3, 2, 2]
[3, 3, 3, 1, 1, 2, 3]
[3, 3, 1, 3, 1]
[3, 3, 2, 1, 3]
[2, 3, 2, 2, 2, 2, 2]
[1, 3, 3, 3]
[1, 3, 1, 3, 3]
[3, 2, 1, 1, 2, 1, 3]
[1, 2, 2, 1, 1, 2, 3]
[1, 3, 1, 2, 1]
[1, 2, 3, 2, 1, 3, 2]
[2, 2, 1, 2, 1, 2]
[1, 3, 3, 2, 2]
[2, 2, 1, 3, 1]
[1, 2, 1, 1, 3, 1, 2]
[3, 2, 2, 1, 1]
[2, 3, 2, 1]
[1, 1, 3, 3, 1, 3]
[2, 3, 3, 3]
[1, 3, 2, 1, 1]
[2, 1, 3, 1, 1, 3]
[3, 3, 1, 2, 2]
[3, 2, 2, 2]
[3, 3, 2, 1, 1]
[3, 3, 2, 1, 3]
[3, 3, 3, 1, 1, 3, 3]
[2, 1, 2, 3]
[1, 3, 1, 3, 1, 3, 1]
[1, 1, 3, 3, 2]
[3, 1, 3, 3, 3]
[3, 2, 1, 3, 2]
[1, 1, 3, 1, 3, 1, 2]
[1, 1, 2, 1, 2, 1, 2]
[3, 2, 2, 2, 3, 2]
[2, 3, 2, 1]
[2, 3, 3, 2, 1, 3]
[3, 2, 3, 2, 1, 1]
[1, 3, 2, 2, 3, 2, 1]
[1, 1, 1, 3]
[3, 2, 3, 1]
[1, 1, 1, 3, 2]
[3, 2, 1, 1, 3, 2]
[3, 3, 1, 3, 1, 3]
[3, 3, 1, 1, 2, 3, 3]
[2, 1, 1, 2, 2, 2]
[2, 2, 3, 1]
[3, 3, 1, 1]
[2, 2, 3, 2]
[1, 1, 3, 2, 1, 3]
[2, 1, 3, 2, 1, 3]
[1, 2, 1, 2, 2]
[3, 1, 3, 1, 1, 1]
[3, 2, 3, 3, 1, 2, 1]
[3, 1, 2, 3, 3]
[1, 3, 2, 3, 2, 3, 1]
[3, 3, 1, 3, 2, 2]
[1, 2, 2, 2, 2]
[3, 2, 1, 2]
[3, 1, 1, 2, 2, 2, 1]
[3, 3, 2, 2, 3, 1]
[1, 2, 1, 2, 1]
[1, 3, 3, 3]
[3, 2, 2, 1, 3]
[3, 1, 1, 1, 1]
[1, 2, 2, 2, 1, 3]
[2, 3, 2, 1, 1, 2]
[1, 1, 2, 2, 1, 2]
[3, 3, 3, 1, 1, 2, 2]
[2, 1, 2, 3]
[3, 2, 3, 1, 1]
[3, 1, 2, 1]
[1, 1, 1, 2, 1, 3, 3]
[1, 1, 1, 2, 1, 3, 1]
[2, 1, 1, 1, 1, 1, 3]
[1, 2, 1, 3]
[3, 1, 1, 2]
[1, 3, 2, 2]
[3, 1, 1, 3, 2, 1]
[1, 2, 3, 2]
[3, 2, 1, 1, 3, 1, 2]
[2, 3, 1, 3, 2, 2]
[3, 1, 3, 3]
[1, 2, 2, 1]
[1, 1, 2, 1, 3, 3]
[1, 2, 2, 1, 2, 2, 3]
[3, 1, 3, 3, 1, 2, 2]
[2, 3, 3, 3, 2, 2, 2]
[1, 3, 3, 2, 3]
[3, 2, 2, 3, 3, 3, 3]
[1, 2, 1, 3]
[2, 1, 1, 1, 2, 3, 2]
[1, 1, 2, 3, 3, 3]
[2, 2, 1, 2, 2, 1, 2]
[2, 3, 3, 3, 1, 3, 3]
[2, 3, 1, 1, 3, 1, 3]
[1, 2, 3, 3, 1, 2]
[1, 2, 1, 1]
[2, 1, 2, 1, 3, 1, 1]
[3, 1, 3, 2, 3]
[3, 1, 3, 2, 3]
[3, 2, 3, 2, 3, 3]
[3, 1, 3, 3, 2, 3, 3]
[2, 2, 3, 2]
[2, 1, 1, 3, 1, 2]
[1, 1, 1, 3, 1]
[2, 1, 2, 1, 3, 1]
[3, 2, 3, 3]
[3, 2, 1, 3]
[3, 3, 1, 3, 2, 2, 2]
[1, 1, 2, 3, 3, 1]
[2, 1, 3, 3]
[3, 1, 3, 2, 3]
[1, 3, 2, 3, 3, 2]
[2, 2, 1, 2]
[1, 2, 2, 3, 2, 2]
[3, 3, 1, 3, 2, 2]
[2, 1, 2, 3, 1]
[2, 1, 1, 2, 2, 2, 3]
[2, 3, 2, 1, 3, 1, 1]
[2, 3, 1, 3, 3, 1, 2]
[2, 1, 3, 1, 3, 1, 1]
[1, 2, 2, 3, 1, 2]
[3, 2, 2, 3, 3, 2, 3]
[3, 1, 3, 3, 3]
[1, 2, 2, 1, 1, 3]
[1, 3, 3, 3, 2, 1, 2]
[2, 2, 2, 1, 2]
[1, 1, 2, 2, 1, 2]
[2, 3, 3, 2]
[3, 2, 3, 2, 2]
[3, 3, 2, 2, 1, 1]
[1, 1, 2, 3]
[3, 3, 2, 2]
[1, 3, 2, 3, 3, 3]
[2, 2, 1, 2]
[2, 1, 2, 1, 2]
[3, 1, 3, 1]
[3, 1, 1, 2, 1]
[1, 3, 1, 3, 1]
[3, 1, 1, 3, 2, 2]
[1, 2, 2, 3]
[2, 2, 1, 3, 3, 2]
[2, 2, 2, 1]
[1, 3, 3, 1, 3, 3, 2]
[1, 3, 3, 1, 2, 2, 2]
[3, 3, 1, 1, 3]
[2, 3, 1, 1]
[2, 1, 3, 1, 2, 3, 2]
[2, 1, 1, 3]
[1, 3, 2, 3, 2, 3]
[1, 3, 2, 2, 1, 3]
[2, 1, 2, 3, 3, 3, 1]
[1, 1, 2, 3, 3, 1]
[2, 3, 2, 1, 2, 1, 1]
[3, 3, 2, 2]
[1, 1, 2, 1]
[2, 3, 1, 3]
[1, 2, 1, 1, 1, 1, 2]
[3, 3, 2, 3, 3, 3]
[3, 2, 2, 1, 2]
[3, 1, 3, 3, 3, 2, 2]
[3, 1, 2, 2, 1, 1]
[2, 2, 1, 3]
[2, 2, 1, 3]
[3, 2, 3, 3]
[1, 2, 1, 2]
[1, 1, 1, 1]
[1, 1, 1, 3, 2, 2]
[3, 2, 1, 3, 3, 1, 2]
[3, 1, 2, 3, 1, 3, 3]
[2, 1, 3, 3, 1]
[3, 1, 3, 1, 2, 3, 2]
[1, 2, 1, 3, 1, 3]
[3, 2, 1, 1, 3, 1, 1]
[2, 1, 2, 1, 3]
[1, 2, 2, 3, 3, 3, 1]
[1, 3, 2, 3, 3, 3]
[2, 2, 1, 2, 3]
[3, 3, 2, 2, 2]
[1, 2, 2, 2, 1]
[1, 1, 2, 3]
[2, 3, 2, 2, 3, 1]
[1, 3, 1, 3]
[2, 1, 2, 2]
[3, 3, 1, 2, 2, 3]
[1, 3, 1, 3, 2, 1]
[3, 1, 3, 1, 3]
[3, 2, 1, 1]
[1, 1, 3, 3, 3]
[2, 1, 2, 3, 3, 1]
[1, 1, 1, 3, 3]
[3, 3, 3, 3, 2]
[2, 3, 2, 2, 3, 1, 2]
[1, 2, 1, 3, 2]
[3, 1, 1, 3]
[3, 2, 3, 2]
[2, 3, 3, 2]
[3, 3, 2, 2, 3]
[3, 2, 1, 1, 1]
[1, 1, 2, 3, 1]
[2, 2, 1, 3, 3, 2]
[3, 1, 3, 1, 3, 1]
[3, 2, 1, 3, 1]
[1, 1, 1, 1]
[3, 1, 2, 1, 1]
[1, 3, 3, 2, 2]
[1, 3, 3, 3]
[2, 1, 1, 3, 1, 1, 1]
[2, 3, 3, 2]
[3, 3, 1, 3, 1, 3]
[3, 2, 1, 3]
[1, 2, 1, 2, 3]
[2, 3, 1, 1]
[1, 2, 1, 2, 1, 3, 2]
[3, 2, 1, 1, 2, 2, 3]
[3, 2, 1, 2]
[1, 3, 2, 2]
[3, 1, 3, 3, 1, 3, 2]
[1, 2, 2, 1]
[3, 1, 3, 1]
[3, 2, 1, 3, 2, 2, 2]
[1, 1, 3, 3, 2]
[1, 3, 1, 1, 2, 1]
[1, 2, 1, 3, 1, 2]
[1, 1, 3, 2, 2, 1]
[2, 2, 2, 2, 2, 1, 3]
[1, 3, 1, 3, 1, 3]
[3, 2, 2, 3, 3, 1]
[1, 1, 2, 1, 1, 3, 3]
[1, 1, 3, 1, 3]
[3, 3, 3, 2, 1]
[1, 3, 1, 3, 3, 2, 3]
[2, 1, 1, 1, 2]
[2, 1, 3, 3]
[1, 1, 3, 2]
[2, 1, 2, 2, 1, 2]
[3, 1, 1, 1, 1, 1, 3]
[1, 1, 1, 1, 2, 3, 1]
[3, 2, 3, 2, 3]
[2, 1, 3, 2, 2, 1, 3]
[2, 3, 1, 3]
[1, 2, 1, 3]
[1, 2, 3, 3, 1, 1]
[2, 2, 3, 2]
[2, 3, 2, 3]
[2, 1, 3, 3, 3]
[2, 1, 3, 1]
[1, 1, 2, 2]
[1, 3, 1, 2]
[1, 1, 3, 3]
[1, 1, 3, 1]
[3, 1, 3, 1, 1]
[3, 3, 2, 1]
[3, 1, 3, 2]
[2, 3, 2, 3, 1, 1, 2]
[2, 1, 1, 2]
[3, 3, 3, 3, 2, 2, 2]
[3, 1, 2, 3, 1, 1]
[3, 3, 3, 1, 2]
[1, 3, 3, 3, 3, 1, 3]
[2, 3, 2, 1, 3, 2, 3]
[1, 1, 3, 1, 3, 2]
[3, 2, 1, 3]
[1, 1, 1, 2, 2, 3]
[2, 1, 2, 1, 1, 1, 3]
[2, 1, 2, 2]
[2, 3, 1, 2]
[2, 3, 3, 3, 3]
[2, 2, 3, 2, 3, 1, 2]
[2, 2, 2, 3, 2, 2]
[1, 3, 3, 1, 1]
[1, 2, 1, 1, 2, 3, 1]
[3, 2, 2, 1, 3, 1]
[2, 2, 3, 2, 1]
[1, 1, 3, 1, 3, 2, 3]
[3, 3, 1, 3]
[2, 1, 3, 1, 3, 3, 3]
[3, 3, 2, 3, 1, 2, 1]
[1, 1, 3, 2, 3, 3, 2]
[1, 2, 1, 2, 1, 1, 3]
[3, 3, 3, 1]
[2, 1, 2, 3]
[3, 1, 3, 2, 1, 1]
[2, 3, 2, 3, 1]
[1, 3, 3, 1]
[2, 1, 1, 3, 1]
[3, 1, 2, 1]
[3, 1, 3, 1, 3, 1]
[2, 1, 3, 3, 2, 3]
[3, 1, 3, 3, 1, 3]
[2, 3, 2, 1, 3, 2, 3]
[1, 3, 2, 2, 3]
[3, 3, 3, 3, 2, 2, 1]
[3, 3, 3, 1, 1, 1, 1]
[2, 1, 3, 1, 2, 2, 3]
[2, 3, 2, 1, 2]
[3, 2, 1, 3]
[2, 1, 1, 1, 3, 1]
[1, 1, 3, 1]
[3, 1, 2, 2]
[2, 3, 2, 1]
[2, 3, 1, 2, 1]
[3, 3, 3, 1, 2]
[2, 1, 3, 1]
[1, 3, 3, 3, 1]
[1, 1, 3, 3, 3]
[2, 3, 1, 3, 1]
[3, 3, 3, 3, 2]
[3, 2, 2, 1]
[3, 1, 1, 3]
[3, 2, 1, 1, 3]
[3, 1, 2, 3, 1]
[1, 1, 2, 2]
[3, 3, 3, 3, 3, 2, 1]
[1, 2, 2, 3, 3]
[3, 1, 1, 3, 1, 2]
[3, 3, 3, 2, 2, 3]
[2, 3, 2, 2, 2, 1, 1]
[2, 2, 1, 3, 1, 1]
[3, 3, 2, 3, 2, 3, 3]
[3, 2, 1, 2, 2]
[1, 3, 3, 2, 3, 1, 1]
[3, 3, 1, 1, 1]
[2, 3, 2, 2, 1]
[2, 1, 3, 3, 3, 3]
[1, 2, 3, 1, 1, 2, 2]
[3, 3, 1, 1, 2]
[2, 2, 3, 1]
[2, 2, 1, 1, 2, 1, 1]
[3, 1, 2, 2, 2, 3, 1]
[2, 3, 2, 3]
[1, 1, 3, 2]
[2, 3, 1, 2, 1, 1, 2]
[3, 2, 2, 2]
[1, 1, 1, 1]
[1, 2, 3, 1, 3]
[3, 1, 3, 3, 3, 1, 1]
[1, 2, 2, 2, 1]
[2, 1, 3, 3]
[2, 2, 2, 3]
[2, 2, 2, 3, 3, 2]
[3, 3, 3, 2, 1]
[3, 1, 1, 2, 2, 2, 1]
[3, 2, 1, 1, 2, 1]
[2, 2, 1, 1, 3]
[2, 1, 2, 3, 2, 1]
[3, 2, 2, 1, 2, 1]
[2, 2, 1, 1, 2]
[3, 3, 3, 1]
[3, 3, 2, 2, 2]
[3, 3, 2, 3, 3, 1, 2]
[3, 1, 3, 2, 3, 3]
[1, 3, 1, 3, 1, 3, 1]
[1, 2, 3, 3]
[3, 3, 3, 2, 3, 1]
[1, 1, 3, 3, 2, 1]
[1, 3, 3, 1, 2, 3, 2]
[1, 1, 2, 2]
[1, 2, 1, 1, 2, 3, 1]
[1, 3, 1, 3, 2, 2, 1]
[2, 3, 2, 2]
[2, 3, 2, 1]
[3, 3, 1, 3, 1, 3]
[1, 3, 2, 1]
[1, 2, 2, 3, 2, 1, 3]
[3, 3, 3, 2, 3]
[2, 2, 2, 3, 2, 1]
[3, 3, 2, 1, 1]
[3, 2, 1, 2]
[1, 1, 3, 2]
[3, 2, 3, 1]
[3, 1, 1, 1, 1, 3]
[3, 2, 2, 3]
[2, 2, 3, 1, 3, 1, 3]
[3, 1, 3, 1, 3, 3, 2]
[3, 2, 3, 2, 1, 3, 2]
[3, 2, 1, 3, 2, 3]
[2, 1, 2, 2, 2]
[1, 2, 2, 2, 3, 1]
[2, 3, 2, 3, 1]
[2, 1, 2, 3, 2]
[1, 2, 3, 3, 3, 1, 1]
[1, 1, 3, 1, 3, 1]
[3, 2, 1, 2]
[2, 2, 3, 3]
[2, 2, 2, 2, 1, 2, 2]
[1, 2, 1, 1, 2, 2]
[2, 2, 2, 2, 3]
[3, 3, 2, 1, 3]
[3, 2, 1, 1, 3, 2, 3]
[2, 3, 2, 3]
[1, 1, 2, 1, 2, 1]
[3, 1, 2, 2, 1]
[3, 1, 3, 2]
[2, 1, 3, 2, 3]
[2, 1, 3, 1, 2, 1, 2]
[1, 2, 2, 3, 1]
[3, 1, 3, 3]
[1, 1, 3, 3, 2, 1]
[1, 2, 1, 2, 3, 3, 1]
[1, 3, 2, 3, 3]
[3, 1, 1, 3, 2, 3]
[2, 1, 3, 3, 3, 3, 3]
[1, 3, 1, 3, 2, 2]
[1, 2, 3, 3]
[2, 2, 1, 2, 3, 1, 1]
[2, 1, 1, 1, 3]
[3, 2, 3, 2, 2, 2, 2]
[3, 2, 3, 2, 1, 1]
[2, 3, 3, 1, 2, 2, 2]
[2, 2, 3, 3, 1, 1, 1]
[2, 3, 3, 3]
[3, 3, 3, 3, 3, 1]
[2, 1, 3, 2, 3]
[1, 2, 2, 3, 2, 1]
[3, 3, 1, 2]
[3, 1, 2, 2, 2, 1]
[3, 1, 1, 1, 3, 1, 2]
[1, 1, 2, 1]
[1, 1, 2, 3]
[3, 1, 1, 1]
[3, 3, 3, 2, 3, 1]
[3, 2, 2, 1, 3, 3, 2]
[1, 1, 3, 1, 1, 3]
[1, 2, 2, 3, 1, 1]
[3, 2, 3, 3, 1]
[2, 1, 3, 3, 3, 2]
[2, 3, 3, 3, 1]
[3, 3, 3, 1, 3]
[3, 2, 2, 2, 3, 2]
[3, 3, 3, 1]
[1, 1, 2, 2, 2, 2]
[1, 2, 2, 1, 2, 1]
[1, 1, 1, 2, 2]
